 KRAKEN- Default run parameters                                                  
 Frequency =   100.0     NMedia =   1


     N2-LINEAR approximation to SSP
     Attenuation units: dB/wavelength
     VACUUM


      Z          AlphaR     BetaR      Rho       AlphaI     BetaI


          ( Number of pts =     0  RMS roughness =   .000     )
      0.00      1500.00      0.00     1.02       0.0000    0.0000
    150.00      1500.00      0.00     1.02       0.0000    0.0000
 Number of pts =  99

                                 ( RMS roughness =   .000     )
     ACOUSTO-ELASTIC half-space
    150.00      1749.00      0.00     1.94       0.0000    0.0000

 CLow =   1350.0      CHigh =   5113.7    
 RMax =  1.

 Number of sources   =  1
   10.0000    

 Number of receivers =  30
   5.00000       10.0000       15.0000       20.0000       25.0000    
   30.0000       35.0000       40.0000       45.0000       50.0000    
   55.0000       60.0000       65.0000       70.0000       75.0000    
   80.0000       85.0000       90.0000       95.0000       100.000    
   105.000       110.000       115.000       120.000       125.000    
   130.000       135.000       140.000       145.000       150.000    

 Mesh multiplier   CPU seconds
  --- Number of modes =  10
        1             .000    
  --- Number of modes =  10
        2             .000    

    I          K             ALPHA          PHASE SPEED       GROUP SPEED
    1   .4184112793       .0000000000       1501.676847       1498.507392    
    2   .4170014596       .0000000000       1506.753793       1493.972513    
    3   .4146307416       .0000000000       1515.368900       1486.246952    
    4   .4112703243       .0000000000       1527.750712       1475.141243    
    5   .4068835929       .0000000000       1544.221840       1460.469925    
    6   .4014273119       .0000000000       1565.211215       1442.076578    
    7   .3948518688       .0000000000       1591.276578       1419.849852    
    8   .3871015521       .0000000000       1623.136170       1393.766344    
    9   .3781180322       .0000000000       1661.699462       1364.083866    
   10   .3678648945       .0000000000       1708.014383       1332.668288    
        1 file(s) copied.

 Number of ranges   =  1000
  0.100000E-02  0.200000E-02  0.300000E-02  0.400000E-02  0.500000E-02
  0.600000E-02  0.700000E-02  0.800000E-02  0.900000E-02  0.100000E-01
  0.110000E-01  0.120000E-01  0.130000E-01  0.140000E-01  0.150000E-01
  0.160000E-01  0.170000E-01  0.180000E-01  0.190000E-01  0.200000E-01
  0.210000E-01  0.220000E-01  0.230000E-01  0.240000E-01  0.250000E-01
  0.260000E-01  0.270000E-01  0.280000E-01  0.290000E-01  0.300000E-01
  0.310000E-01  0.320000E-01  0.330000E-01  0.340000E-01  0.350000E-01
  0.360000E-01  0.370000E-01  0.380000E-01  0.390000E-01  0.400000E-01
  0.410000E-01  0.420000E-01  0.430000E-01  0.440000E-01  0.450000E-01
  0.460000E-01  0.470000E-01  0.480000E-01  0.490000E-01  0.500000E-01
  0.510000E-01
  ...  1.

 Number of sources   =  1
   10.0000    

 Number of receivers =  30
   5.00000       10.0000       15.0000       20.0000       25.0000    
   30.0000       35.0000       40.0000       45.0000       50.0000    
   55.0000       60.0000       65.0000       70.0000       75.0000    
   80.0000       85.0000       90.0000       95.0000       100.000    
   105.000       110.000       115.000       120.000       125.000    
   130.000       135.000       140.000       145.000       150.000    

 Number of receivers =  30
   .000000       .000000       .000000       .000000       .000000    
   .000000       .000000       .000000       .000000       .000000    
   .000000       .000000       .000000       .000000       .000000    
   .000000       .000000       .000000       .000000       .000000    
   .000000       .000000       .000000       .000000       .000000    
   .000000       .000000       .000000       .000000       .000000    

        1 file(s) copied.
